333333333333333333333333333333333333333333333333333333333333
300000000000000000000000000000000000000000000000000000000003
300000000?00000000000000000000000000000000000000000000000003
300000000000001000000000000000000000000000000000000000000003
300000000000001000000000000000000000000000000000000000000003
300000000000001000000000000000000000000000000000000000000003
300000000000001000000000000000000000000000000000000000000003
300000000000000000000000000000000000000000000000000000000003
300000000000000000000000000000000000000000000000000000000003
300000000000000000000000000000000000000000000000000000000003
300000000000000000000000000000000000000000000000000000000003
300000000000000000000000000000000000000000000000000000000003
300000000000000000000000000000000000000000000000000011111003
300000000000000000000000000000000000000000000000000011111003
300000000000000000000000000000000000000000000000000011111003
300000000000000000000000000000000000000000000000000011111003
300000000000000000000000000000000000000000000000000000000003
300000000000000000000000000000000000000000000000000000000003
300000000000000000000000000000000000000000000000000000000003
300000000000000000000000000000000000000000000000000000000003
300000000000000000000000000000000000000000000000000000000003
300000000000000000000000000000000000000000000000000000000003
300000000000000000000000000000000000000000000000000000000003
300000000000000000000000000000000000000000000000000000000003
300000000000000000000000000000000000000000000000000000000003
300000000000000000000000000000000000000000000000000000000003
300000000000000000000000000000000000000000000000000000000003
300000000000000000000000000000000000000000000000000000000003
333333333333333333333333333333333333333333333333333333333333